mr0=0.949
mr0=0.94985
mr0=0.9669775
Upon advertising: mr0=0.9669775, mr1=0
