//format: 
mr0=0.9575, mr1=0
mr0=0.925625, mr1=0
mr0=0.97184375, mr1=0
