mr0=0.9575
mr0=0.959625
mr0=0.98544375
Upon advertising: mr0=0.98544375, mr1=0
