//format: 
mr0=0.9914999999999999, mr1=0
mr0=0.998725, mr1=0
mr0=0.94880875, mr1=0
