mr0=0.949
mr0=0.9583499999999999
mr0=0.9682525
Upon advertising: mr0=0.9682525, mr1=0
