mr0=0.9575, mr1=0
mr0=0.934125, mr1=0
mr0=0.98161875, mr1=0
Upon advertising: mr0=0.98161875, mr1=0
