mr0=0.881, mr1=0
mr0=0.9481499999999999, mr1=0
mr0=0.9582225, mr1=0
Upon advertising: mr0=0.9582225, mr1=0
