q=0.50, mr0=0.86375
q=0.50, mr0=0.8695625
