q=0.50, mr0=0.8624999999999999
q=0.50, mr0=0.867375
