q=0.50, mr0=0.8607499999999999
q=0.50, mr0=0.8735624999999999
